2014-09-01,10:56
5    2    6    0    0    1    2    0    2
5    2    6    1    1    1    1    0    1
5    2    6    0    -1    1    1    0    1
5    2    6    0    1    1    1    0    1
5    2    6    0    0    1    1    1    1
5    2    6    0    0    1    1    0    3
5    2    6    0    -1    1    2    0    1
5    2    7    0    0    1    1    1    3
5    2    7    0    0    0    0    0    4
5    2    7    0    -1    1    1    1    1
5    2    7    0    1    1    1    0    1
5    2    7    0    -1    1    1    0    1
5    2    8    0    0    0    0    0    2
5    2    8    0    0    1    1    1    5
5    2    8    0    1    1    1    0    1
5    2    8    0    -1    0    0    0    2
5    2    9    0    0    1    1    1    1
5    2    9    1    0    0    0    0    4
5    2    9    0    0    0    0    0    5
5    2    10    0    0    0    0    0    6
5    2    10    1    0    0    0    0    2
5    2    10    0    -1    0    0    0    1
5    2    10    0    0    1    1    1    1
5    2    11    1    0    0    0    0    2
5    2    11    0    0    0    0    0    8
5    2    6    0    0    1    1    0    1
5    2    6    0    1    1    1    1    3
5    2    6    1    1    1    1    0    2
5    2    6    0    0    1    1    1    2
5    2    6    0    1    1    1    0    2
5    2    7    0    0    1    1    1    4
5    2    7    1    1    1    1    0    2
5    2    7    0    1    1    2    1    1
5    2    7    0    0    1    1    0    2
5    2    7    0    1    1    1    0    1
5    2    8    0    1    1    1    1    1
5    2    8    0    0    0    0    0    5
5    2    8    0    0    1    1    1    3
5    2    8    0    1    1    1    0    1
5    2    9    0    1    1    1    1    1
5    2    9    1    0    0    0    0    2
5    2    9    0    0    1    1    1    2
5    2    9    0    0    0    0    0    5
5    2    10    0    0    0    0    0    4
5    2    10    1    0    0    0    0    5
5    2    10    0    -1    0    0    0    1
5    2    11    1    0    0    0    0    5
5    2    11    0    0    0    0    0    5
5    2    5    1    1    1    1    0    1
5    2    6    0    0    1    1    1    1
5    2    7    0    0    1    1    1    3
5    2    7    0    1    1    1    1    2
5    2    7    0    -1    0    0    0    2
5    2    7    0    1    1    1    0    1
5    2    7    0    -1    1    1    0    1
5    2    7    0    -1    1    2    0    1
5    2    8    0    0    0    0    0    6
5    2    8    0    0    1    1    1    2
5    2    8    0    -1    0    0    0    1
5    2    8    1    0    1    0    1    1
5    2    9    0    -1    1    2    0    1
5    2    9    1    0    1    0    1    1
5    2    9    0    0    1    1    1    1
5    2    9    0    0    0    0    0    7
5    2    10    0    0    0    0    0    6
5    2    10    1    0    0    0    0    3
5    2    10    0    0    1    1    1    1
5    2    11    1    0    0    0    0    7
5    2    11    0    0    0    0    0    3
5    2    5    1    1    1    1    0    1
5    2    6    0    0    1    1    0    2
5    2    6    0    1    1    2    0    1
5    2    6    1    1    1    1    0    1
5    2    6    0    0    1    1    1    2
5    2    6    0    1    1    1    0    4
5    2    7    0    0    0    0    0    3
5    2    7    0    0    1    1    1    1
5    2    7    0    1    1    1    1    1
5    2    7    0    1    1    1    0    1
5    2    7    0    -1    1    1    0    1
5    2    7    1    1    1    1    0    3
5    2    8    1    1    1    1    0    1
5    2    8    0    0    0    0    0    4
5    2    8    0    0    1    1    1    2
5    2    8    0    1    1    1    0    1
5    2    8    0    -1    0    0    0    2
5    2    9    0    0    1    1    1    4
5    2    9    0    0    0    0    0    6
5    2    10    0    0    0    0    0    7
5    2    10    1    0    0    0    0    2
5    2    10    0    -1    0    0    0    1
5    2    11    0    -1    0    0    0    1
5    2    11    1    0    0    0    0    6
5    2    11    0    0    0    0    0    3
5    2    6    0    0    1    2    0    1
5    2    7    0    0    1    1    0    1
5    2    7    0    0    1    2    1    1
5    2    7    0    0    1    1    1    3
5    2    7    0    1    1    1    1    1
5    2    7    0    1    1    1    0    1
5    2    7    0    -1    1    1    0    2
5    2    7    1    1    1    1    0    1
5    2    8    0    0    0    0    0    5
5    2    8    0    0    1    1    1    3
5    2    8    0    0    1    2    1    1
5    2    8    0    -1    1    1    0    1
5    2    9    1    0    1    0    1    2
5    2    9    1    0    0    0    0    1
5    2    9    0    0    1    1    1    1
5    2    9    0    0    0    0    0    6
5    2    10    0    0    0    0    0    8
5    2    10    1    0    0    0    0    1
5    2    10    0    1    1    1    0    1
5    2    11    1    0    0    0    0    4
5    2    11    0    0    0    0    0    6
5    2    6    0    0    1    1    0    2
5    2    6    1    1    1    1    0    3
5    2    6    0    -1    1    2    0    1
5    2    6    0    0    1    1    1    2
5    2    6    0    1    1    1    0    2
5    2    7    0    0    0    0    0    1
5    2    7    0    0    1    1    1    3
5    2    7    0    1    1    1    1    1
5    2    7    0    -1    1    1    0    3
5    2    7    1    1    1    1    0    1
5    2    7    0    -1    1    1    1    1
5    2    8    1    0    0    0    0    1
5    2    8    0    1    1    1    1    1
5    2    8    0    0    0    0    0    3
5    2    8    0    0    1    1    1    4
5    2    8    0    0    1    1    0    1
5    2    9    0    -1    0    0    0    1
5    2    9    0    0    1    1    1    3
5    2    9    0    0    0    0    0    6
5    2    10    0    0    0    0    0    6
5    2    10    1    0    0    0    0    4
5    2    11    1    0    0    0    0    3
5    2    11    0    0    0    0    0    7
5    2    6    1    1    1    1    0    2
5    2    6    0    -1    1    1    0    1
5    2    6    0    1    1    1    0    1
5    2    6    0    1    1    1    1    2
5    2    6    0    0    1    1    1    3
5    2    6    0    0    1    1    0    1
5    2    7    0    0    0    0    0    1
5    2    7    0    0    1    1    0    5
5    2    7    0    0    1    1    1    1
5    2    7    0    1    1    1    0    1
5    2    7    0    -1    1    1    0    1
5    2    7    1    1    1    1    0    1
5    2    8    0    0    0    0    0    4
5    2    8    0    0    1    1    1    3
5    2    8    0    0    1    2    1    1
5    2    8    0    1    1    1    0    1
5    2    8    0    -1    1    1    1    1
5    2    9    0    1    1    1    1    1
5    2    9    1    0    1    0    1    1
5    2    9    1    0    0    0    0    2
5    2    9    0    0    1    1    1    1
5    2    9    0    0    0    0    0    5
5    2    10    0    0    0    0    0    6
5    2    10    1    0    0    0    0    4
5    2    11    1    0    0    0    0    4
5    2    11    0    0    0    0    0    6
5    2    6    1    1    1    1    0    1
5    2    6    0    0    1    1    1    2
5    2    7    0    0    1    1    1    4
5    2    7    0    0    0    0    0    2
5    2    7    0    1    1    1    1    2
5    2    7    0    -1    1    1    0    2
5    2    8    0    0    0    0    0    5
5    2    8    0    0    1    1    1    3
5    2    8    0    -1    1    1    0    2
5    2    9    0    -1    0    0    0    1
5    2    9    0    1    1    1    0    1
5    2    9    1    0    0    0    0    1
5    2    9    0    0    1    1    1    1
5    2    9    0    0    0    0    0    6
5    2    10    0    0    0    0    0    4
5    2    10    0    0    1    1    1    2
5    2    10    0    -1    0    0    0    1
5    2    10    1    0    0    0    0    2
5    2    10    0    0    1    0    1    1
5    2    11    1    0    0    0    0    6
5    2    11    0    0    0    0    0    4
5    2    5    1    1    1    1    0    1
5    2    6    0    0    1    1    0    1
5    2    6    1    1    1    1    0    3
5    2    6    0    -1    1    1    0    2
5    2    6    0    0    1    1    1    2
5    2    6    0    1    1    1    0    2
5    2    7    0    0    0    0    0    1
5    2    7    0    0    1    1    0    3
5    2    7    0    0    1    1    1    3
5    2    7    0    1    1    1    1    1
5    2    7    0    1    1    1    0    1
5    2    7    1    1    1    1    0    1
5    2    8    0    1    1    1    1    1
5    2    8    0    0    1    2    0    2
5    2    8    0    0    1    1    1    2
5    2    8    0    0    1    2    1    1
5    2    8    0    0    0    0    0    2
5    2    8    0    -1    1    1    0    2
5    2    9    0    0    1    2    1    2
5    2    9    1    0    1    0    1    1
5    2    9    0    0    0    0    0    4
5    2    9    0    0    1    1    1    1
5    2    9    0    1    1    1    1    2
5    2    10    0    0    0    0    0    5
5    2    10    1    0    0    0    0    4
5    2    10    0    1    1    2    1    1
5    2    11    1    0    0    0    0    5
5    2    11    0    0    0    0    0    5
5    2    5    1    1    1    1    0    1
5    2    6    0    0    1    2    1    2
5    2    6    0    -1    1    1    0    2
5    2    6    0    1    1    1    1    1
5    2    6    0    0    1    1    1    2
5    2    6    0    0    1    1    0    2
5    2    6    1    1    1    1    0    1
5    2    7    0    0    1    1    1    6
5    2    7    0    -1    1    1    0    1
5    2    7    1    1    1    1    0    1
5    2    7    0    -1    1    1    1    1
5    2    7    0    0    0    0    0    1
5    2    8    1    0    0    0    0    1
5    2    8    0    0    0    0    0    3
5    2    8    0    0    1    1    1    5
5    2    8    0    -1    1    1    0    1
5    2    9    1    0    0    0    0    1
5    2    9    0    0    0    0    0    9
5    2    10    0    0    0    0    0    5
5    2    10    1    0    0    0    0    5
5    2    11    1    0    0    0    0    7
5    2    11    0    0    0    0    0    3
5    2    6    0    0    1    1    0    2
5    2    6    1    1    1    1    0    3
5    2    6    0    -1    1    2    0    1
5    2    6    0    -1    1    1    0    2
5    2    6    0    1    1    1    0    2
5    2    7    0    0    0    0    0    1
5    2    7    0    0    1    1    0    1
5    2    7    0    0    1    1    1    4
5    2    7    0    1    1    1    1    1
5    2    7    0    1    1    1    0    2
5    2    7    1    1    1    1    0    1
5    2    8    0    1    1    1    1    3
5    2    8    0    0    1    1    1    2
5    2    8    0    0    1    2    1    1
5    2    8    0    0    0    0    0    2
5    2    8    0    -1    1    1    1    1
5    2    8    0    -1    1    2    1    1
5    2    9    0    -1    0    0    0    1
5    2    9    1    0    0    0    0    2
5    2    9    0    0    0    0    0    7
5    2    10    0    0    0    0    0    6
5    2    10    1    0    0    0    0    3
5    2    10    1    0    1    0    1    1
5    2    11    1    0    0    0    0    5
5    2    11    0    0    0    0    0    5
5    2    6    0    0    1    1    0    1
5    2    6    1    1    1    1    0    1
5    2    6    0    -1    1    1    0    4
5    2    6    0    0    1    1    1    2
5    2    6    0    1    1    1    0    2
5    2    7    0    -1    1    2    2    1
5    2    7    0    0    0    0    0    2
5    2    7    0    0    1    1    0    2
5    2    7    0    0    1    2    1    1
5    2    7    0    0    1    1    1    3
5    2    7    0    1    1    1    0    1
5    2    8    0    -1    1    2    1    1
5    2    8    0    0    0    0    0    5
5    2    8    0    0    1    2    1    1
5    2    8    0    -1    1    1    0    1
5    2    8    0    -1    0    0    0    2
5    2    9    0    -1    0    0    0    3
5    2    9    0    0    0    0    0    4
5    2    9    1    0    0    0    0    1
5    2    9    0    0    1    1    1    1
5    2    9    0    -1    1    1    0    1
5    2    10    0    0    0    0    0    7
5    2    10    1    0    0    0    0    3
5    2    11    0    0    1    1    1    1
5    2    11    1    0    0    0    0    6
5    2    11    0    0    0    0    0    3
5    2    6    0    0    1    1    0    1
5    2    6    1    1    1    1    0    2
5    2    6    0    -1    1    1    0    1
5    2    6    0    0    1    1    1    1
5    2    6    0    1    1    1    0    2
5    2    7    0    0    1    1    1    5
5    2    7    0    0    0    0    0    1
5    2    7    1    1    1    1    0    1
5    2    7    0    -1    1    1    1    2
5    2    7    0    1    1    1    0    1
5    2    8    1    0    0    0    0    1
5    2    8    0    -1    1    2    1    1
5    2    8    0    0    0    0    0    2
5    2    8    0    0    1    1    1    5
5    2    8    0    -1    0    0    0    1
5    2    9    0    0    1    1    1    2
5    2    9    0    0    0    0    0    8
5    2    10    0    0    0    0    0    7
5    2    10    1    0    0    0    0    3
5    2    11    1    0    0    0    0    1
5    2    11    0    0    0    0    0    9
5    2    6    0    0    1    2    0    1
5    2    6    1    1    1    1    0    2
5    2    6    0    -1    1    1    0    2
5    2    6    0    1    1    1    0    2
5    2    6    0    1    1    1    1    1
5    2    6    0    0    1    1    1    2
5    2    7    0    0    0    0    0    4
5    2    7    0    -1    0    0    0    1
5    2    7    0    0    1    1    0    1
5    2    7    0    1    1    1    0    2
5    2    7    0    -1    1    1    0    2
5    2    8    0    1    1    1    1    1
5    2    8    0    0    1    1    1    2
5    2    8    0    0    1    2    1    1
5    2    8    0    0    0    0    0    4
5    2    8    0    -1    1    1    1    1
5    2    8    0    -1    0    0    0    1
5    2    9    0    1    1    1    1    1
5    2    9    1    0    0    0    0    1
5    2    9    0    0    1    1    1    2
5    2    9    0    0    0    0    0    6
5    2    10    0    0    0    0    0    8
5    2    10    1    0    0    0    0    1
5    2    10    0    -1    0    0    0    1
5    2    11    1    0    0    0    0    6
5    2    11    0    0    0    0    0    4
5    2    6    0    0    1    1    0    2
5    2    6    1    1    1    1    0    3
5    2    6    0    -1    1    1    0    1
5    2    6    0    0    1    1    1    1
5    2    6    0    1    1    1    0    3
5    2    7    0    0    1    1    1    6
5    2    7    1    1    1    1    0    1
5    2    7    0    0    1    1    0    1
5    2    7    0    1    1    1    0    1
5    2    7    0    -1    0    0    0    1
5    2    8    1    1    1    1    0    1
5    2    8    0    1    1    1    1    1
5    2    8    0    0    0    0    0    3
5    2    8    0    0    1    1    1    4
5    2    8    0    -1    0    0    0    1
5    2    9    1    0    0    0    0    3
5    2    9    0    0    1    1    1    2
5    2    9    0    0    0    0    0    5
5    2    10    0    0    0    0    0    4
5    2    10    0    0    1    1    1    1
5    2    10    0    1    1    1    1    1
5    2    10    1    0    0    0    0    4
5    2    11    0    0    1    1    1    1
5    2    11    1    0    0    0    0    5
5    2    11    0    0    0    0    0    4
5    2    6    1    1    1    1    0    1
5    2    6    0    1    1    1    1    1
5    2    6    0    0    1    1    1    2
5    2    6    0    1    1    1    0    3
5    2    7    0    0    1    1    1    4
5    2    7    0    0    0    0    0    3
5    2    7    0    1    1    1    1    2
5    2    7    0    0    1    1    0    1
5    2    8    0    1    1    1    1    1
5    2    8    0    0    1    1    1    1
5    2    8    1    0    1    0    1    1
5    2    8    0    0    0    0    0    5
5    2    8    0    -1    1    1    1    1
5    2    8    0    -1    1    2    1    1
5    2    9    0    0    1    1    1    1
5    2    9    0    0    0    0    0    9
5    2    10    0    0    0    0    0    6
5    2    10    1    0    0    0    0    3
5    2    10    0    -1    0    0    0    1
5    2    11    0    0    1    1    1    1
5    2    11    1    0    0    0    0    3
5    2    11    0    0    0    0    0    5
5    2    11    0    -1    0    0    0    1
5    2    7    0    0    0    0    0    2
5    2    7    0    0    1    1    0    1
5    2    7    0    0    1    2    1    1
5    2    7    0    0    1    1    1    3
5    2    7    0    1    1    1    1    1
5    2    7    0    -1    1    1    0    2
5    2    8    1    0    0    0    0    1
5    2    8    0    0    0    0    0    5
5    2    8    0    0    1    1    1    3
5    2    8    0    -1    1    2    0    1
5    2    9    0    -1    0    0    0    1
5    2    9    1    0    0    0    0    1
5    2    9    0    0    1    1    1    1
5    2    9    0    0    0    0    0    7
5    2    10    0    0    0    0    0    6
5    2    10    1    0    0    0    0    4
5    2    11    1    0    0    0    0    3
5    2    11    0    0    0    0    0    7
5    2    5    1    1    1    1    0    1
5    2    6    0    0    1    1    0    4
5    2    6    1    1    1    1    0    3
5    2    6    0    -1    1    2    0    1
5    2    6    0    0    1    1    1    1
5    2    6    0    1    1    1    0    1
5    2    7    0    0    1    1    1    5
5    2    7    0    1    1    1    1    2
5    2    7    0    -1    1    1    1    1
5    2    7    0    0    1    1    0    1
5    2    7    0    1    1    1    0    1
5    2    8    0    1    1    1    1    1
5    2    8    0    0    0    0    0    5
5    2    8    0    -1    1    1    0    1
5    2    8    0    1    1    1    0    1
5    2    8    0    -1    1    1    1    2
5    2    9    0    1    1    1    1    1
5    2    9    0    1    1    1    0    1
5    2    9    0    0    1    1    1    1
5    2    9    0    0    0    0    0    7
5    2    10    0    0    0    0    0    5
5    2    10    1    0    0    0    0    4
5    2    10    0    1    1    1    1    1
5    2    11    1    0    0    0    0    5
5    2    11    0    0    0    0    0    5
5    2    6    0    -1    1    1    0    1
5    2    7    0    0    1    1    1    5
5    2    7    0    0    0    0    0    2
5    2    7    0    -1    1    1    1    1
5    2    7    0    -1    0    0    0    1
5    2    7    0    1    1    1    0    1
5    2    8    0    1    1    1    1    1
5    2    8    0    0    1    2    1    1
5    2    8    0    0    0    0    0    3
5    2    8    1    0    0    0    0    1
5    2    8    0    -1    1    2    0    1
5    2    8    0    -1    1    1    1    1
5    2    8    1    1    1    1    0    1
5    2    8    0    1    1    1    0    1
5    2    9    0    1    1    1    1    1
5    2    9    0    -1    0    0    0    1
5    2    9    1    0    0    0    0    1
5    2    9    0    0    1    1    1    3
5    2    9    0    0    0    0    0    4
5    2    10    0    0    0    0    0    5
5    2    10    1    0    0    0    0    5
5    2    11    1    0    0    0    0    2
5    2    11    0    0    0    0    0    8
5    2    5    1    1    1    1    0    1
5    2    6    0    0    1    1    0    1
5    2    6    1    1    1    1    0    1
5    2    6    0    -1    1    1    0    2
5    2    6    0    0    1    1    1    2
5    2    6    0    1    1    1    0    4
5    2    7    0    0    0    0    0    2
5    2    7    0    0    1    1    0    1
5    2    7    0    0    1    2    1    1
5    2    7    0    0    1    1    1    4
5    2    7    0    1    1    1    1    1
5    2    7    0    1    1    1    0    1
5    2    8    0    0    1    1    1    2
5    2    8    0    0    0    0    0    3
5    2    8    1    0    0    0    0    2
5    2    8    0    -1    1    2    1    1
5    2    8    0    -1    1    1    0    1
5    2    8    1    1    1    1    0    1
5    2    9    0    -1    1    1    0    1
5    2    9    0    0    1    1    1    1
5    2    9    1    0    0    0    0    1
5    2    9    0    0    0    0    0    7
5    2    10    0    0    0    0    0    7
5    2    10    1    0    0    0    0    2
5    2    10    0    0    1    1    1    1
5    2    11    1    0    0    0    0    4
5    2    11    0    0    0    0    0    6
5    2    5    1    1    1    1    0    2
5    2    6    0    0    1    1    0    1
5    2    6    1    1    1    1    0    4
5    2    6    0    -1    1    1    0    2
5    2    6    0    0    1    1    1    2
5    2    6    0    0    1    2    0    1
5    2    7    0    0    1    1    1    7
5    2    7    0    -1    1    2    1    1
5    2    7    0    1    1    1    1    1
5    2    7    0    -1    0    0    0    1
5    2    8    0    -1    1    2    1    1
5    2    8    0    0    0    0    0    5
5    2    8    0    0    1    1    1    1
5    2    8    0    1    1    1    0    1
5    2    8    0    -1    1    1    1    2
5    2    9    0    -1    1    1    1    1
5    2    9    0    0    1    1    0    1
5    2    9    1    0    0    0    0    1
5    2    9    0    0    1    1    1    2
5    2    9    0    0    0    0    0    5
5    2    10    0    0    0    0    0    5
5    2    10    1    0    0    0    0    5
5    2    11    1    0    0    0    0    4
5    2    11    0    0    0    0    0    6
5    2    5    1    1    1    1    0    1
5    2    6    0    0    1    1    0    1
5    2    6    0    1    1    1    1    1
5    2    7    0    0    1    1    1    6
5    2    7    0    -1    1    1    0    1
5    2    7    0    1    1    1    1    1
5    2    7    0    0    1    1    0    1
5    2    7    0    0    1    2    1    1
5    2    8    0    0    0    0    0    3
5    2    8    1    0    0    0    0    1
5    2    8    0    -1    0    0    0    1
5    2    8    0    0    1    1    0    2
5    2    8    0    0    1    1    1    3
5    2    9    1    0    1    0    1    1
5    2    9    0    -1    1    2    1    1
5    2    9    0    0    1    1    1    4
5    2    9    0    0    0    0    0    4
5    2    10    0    0    0    0    0    4
5    2    10    1    0    0    0    0    4
5    2    10    0    1    1    2    1    1
5    2    10    0    0    1    1    1    1
5    2    11    1    0    0    0    0    7
5    2    11    0    0    0    0    0    3
5    2    6    0    -1    1    1    0    1
5    2    7    0    -1    1    2    1    1
5    2    7    0    0    0    0    0    2
5    2    7    0    0    1    1    0    1
5    2    7    0    0    1    1    1    2
5    2    7    0    -1    0    0    0    1
5    2    7    1    1    1    1    0    1
5    2    7    0    -1    1    1    1    2
5    2    8    0    0    0    0    0    3
5    2    8    0    -1    1    1    0    2
5    2    8    0    0    1    1    1    3
5    2    8    0    1    1    2    0    1
5    2    8    0    0    1    1    0    1
5    2    9    0    1    1    1    0    1
5    2    9    1    0    0    0    0    3
5    2    9    0    0    0    0    0    6
5    2    10    0    0    0    0    0    6
5    2    10    1    0    0    0    0    4
5    2    11    1    0    0    0    0    4
5    2    11    0    0    0    0    0    5
5    2    11    0    1    1    1    1    1
5    2    6    0    0    1    1    0    1
5    2    6    0    1    1    2    0    1
5    2    7    0    0    0    0    0    1
5    2    7    0    0    1    1    0    1
5    2    7    0    0    1    1    1    3
5    2    7    0    1    1    1    1    2
5    2    7    0    -1    1    1    0    1
5    2    7    1    1    1    1    0    2
5    2    8    0    1    1    1    1    1
5    2    8    0    0    0    0    0    4
5    2    8    0    0    1    1    1    3
5    2    8    0    1    1    1    0    1
5    2    8    0    0    1    1    0    1
5    2    9    1    0    1    0    1    2
5    2    9    0    1    1    1    0    1
5    2    9    0    0    1    1    1    1
5    2    9    1    0    0    0    0    2
5    2    9    0    0    0    0    0    4
5    2    10    0    0    0    0    0    5
5    2    10    0    0    1    1    1    1
5    2    10    0    1    1    1    1    1
5    2    10    1    0    0    0    0    3
5    2    11    1    0    0    0    0    7
5    2    11    0    0    0    0    0    3
5    2    6    1    1    1    1    0    1
5    2    6    0    0    1    1    1    3
5    2    7    0    0    1    1    0    1
5    2    7    0    0    1    2    1    1
5    2    7    0    0    1    1    1    4
5    2    7    0    1    1    1    0    2
5    2    7    0    -1    1    1    0    1
5    2    7    0    -1    1    1    1    1
5    2    8    0    -1    1    1    0    1
5    2    8    0    1    1    1    1    1
5    2    8    0    0    0    0    0    5
5    2    8    0    0    1    1    1    2
5    2    8    0    -1    1    2    0    1
5    2    9    1    0    1    0    1    1
5    2    9    0    0    0    0    0    5
5    2    9    1    0    0    0    0    1
5    2    9    0    0    1    1    1    2
5    2    9    0    -1    1    1    0    1
5    2    10    0    0    0    0    0    7
5    2    10    1    0    0    0    0    2
5    2    10    0    1    1    1    1    1
5    2    11    1    0    0    0    0    4
5    2    11    0    0    0    0    0    6
5    2    6    0    0    1    1    0    3
5    2    6    0    -1    1    2    0    1
5    2    6    0    0    1    1    1    2
5    2    6    0    1    1    1    0    1
5    2    7    0    0    1    1    1    3
5    2    7    0    0    0    0    0    2
5    2    7    0    1    1    1    1    3
5    2    7    0    1    1    1    0    1
5    2    7    0    -1    1    1    0    1
5    2    8    0    1    1    2    0    1
5    2    8    0    0    1    1    1    2
5    2    8    0    0    1    2    1    1
5    2    8    0    0    0    0    0    4
5    2    8    0    -1    1    1    1    1
5    2    8    0    -1    1    1    0    1
5    2    9    1    0    0    0    0    2
5    2    9    0    0    1    1    1    2
5    2    9    0    0    0    0    0    6
5    2    10    0    0    0    0    0    7
5    2    10    1    0    0    0    0    3
5    2    11    0    0    1    1    1    1
5    2    11    1    0    0    0    0    5
5    2    11    0    0    0    0    0    4
5    2    7    0    0    1    1    1    2
5    2    7    0    0    0    0    0    4
5    2    7    0    -1    1    1    1    1
5    2    7    0    1    1    1    0    3
5    2    8    0    1    1    1    1    1
5    2    8    0    -1    1    2    1    1
5    2    8    0    0    0    0    0    5
5    2    8    0    0    1    1    1    2
5    2    8    0    -1    1    1    0    1
5    2    9    1    0    0    0    0    3
5    2    9    0    0    1    1    1    2
5    2    9    0    0    0    0    0    5
5    2    10    0    0    0    0    0    4
5    2    10    1    0    0    0    0    4
5    2    10    0    -1    1    1    0    1
5    2    10    0    0    1    1    0    1
5    2    11    1    0    0    0    0    3
5    2    11    0    0    0    0    0    7
5    2    6    0    0    1    1    0    3
5    2    6    0    1    1    1    1    1
5    2    6    0    -1    1    1    0    2
5    2    6    1    1    1    1    0    1
5    2    6    0    1    1    1    0    3
5    2    7    0    0    1    1    1    3
5    2    7    0    0    0    0    0    3
5    2    7    0    1    1    1    1    2
5    2    7    0    -1    1    1    1    1
5    2    7    0    0    1    1    0    1
5    2    8    1    1    1    1    0    1
5    2    8    0    0    0    0    0    5
5    2    8    0    0    1    1    1    3
5    2    8    0    0    1    1    0    1
5    2    9    0    0    1    1    0    1
5    2    9    1    0    0    0    0    1
5    2    9    0    0    1    1    1    2
5    2    9    0    0    0    0    0    6
5    2    10    0    0    0    0    0    6
5    2    10    1    0    0    0    0    2
5    2    10    0    1    1    1    1    2
5    2    11    1    0    0    0    0    4
5    2    11    0    0    0    0    0    6
5    2    6    0    0    1    1    0    2
5    2    6    1    1    1    1    0    4
5    2    6    0    1    1    1    0    1
5    2    6    0    1    1    1    1    2
5    2    6    0    0    1    2    0    1
5    2    7    0    0    0    0    0    3
5    2    7    0    0    1    1    1    2
5    2    7    0    1    1    1    1    1
5    2    7    0    1    1    1    0    1
5    2    7    0    -1    1    1    0    2
5    2    7    0    -1    1    2    1    1
5    2    8    0    0    1    2    0    1
5    2    8    0    0    0    0    0    4
5    2    8    0    0    1    1    1    3
5    2    8    0    -1    0    0    0    1
5    2    8    0    -1    1    1    1    1
5    2    9    1    0    1    0    1    1
5    2    9    0    -1    0    0    0    2
5    2    9    1    0    0    0    0    1
5    2    9    0    0    1    1    1    1
5    2    9    0    0    0    0    0    5
5    2    10    0    0    0    0    0    6
5    2    10    1    0    0    0    0    4
5    2    11    0    0    1    1    1    1
5    2    11    1    0    0    0    0    6
5    2    11    0    0    0    0    0    3
5    2    6    0    0    1    1    0    1
5    2    6    1    1    1    1    0    3
5    2    6    0    -1    1    1    0    1
5    2    6    0    0    1    1    1    2
5    2    6    0    1    1    1    0    3
5    2    7    1    1    1    1    0    1
5    2    7    0    0    1    1    0    1
5    2    7    0    0    1    2    1    2
5    2    7    0    0    1    1    1    1
5    2    7    0    1    1    1    1    1
5    2    7    0    -1    1    1    0    1
5    2    7    0    -1    1    2    1    1
5    2    7    0    -1    1    1    1    1
5    2    7    0    -1    1    2    0    1
5    2    8    0    0    0    0    0    7
5    2    8    1    0    0    0    0    1
5    2    8    0    0    1    1    1    2
5    2    9    0    -1    0    0    0    2
5    2    9    0    0    1    1    1    1
5    2    9    0    0    0    0    0    7
5    2    10    0    0    0    0    0    6
5    2    10    1    0    0    0    0    4
5    2    11    1    0    0    0    0    3
5    2    11    0    0    0    0    0    7
5    2    6    0    0    1    1    0    1
5    2    6    0    1    1    1    0    1
5    2    7    0    0    0    0    0    1
5    2    7    0    0    1    1    0    1
5    2    7    0    0    1    1    1    4
5    2    7    0    1    1    1    0    2
5    2    7    0    -1    1    1    0    1
5    2    7    0    -1    1    2    1    1
5    2    8    0    -1    1    2    1    1
5    2    8    0    0    1    2    0    1
5    2    8    0    0    0    0    0    6
5    2    8    0    0    1    1    1    1
5    2    8    0    -1    1    1    0    1
5    2    9    0    0    1    1    1    1
5    2    9    1    0    0    0    0    1
5    2    9    0    0    0    0    0    8
5    2    10    0    0    0    0    0    8
5    2    10    1    0    0    0    0    1
5    2    10    0    1    1    1    1    1
5    2    11    1    0    0    0    0    4
5    2    11    0    0    0    0    0    6
5    2    5    1    1    1    1    0    1
5    2    6    0    0    1    1    0    4
5    2    6    0    1    1    2    0    1
5    2    6    0    1    1    1    1    2
5    2    6    0    0    1    1    1    2
5    2    6    0    1    1    1    0    1
5    2    7    0    0    0    0    0    2
5    2    7    0    0    1    1    0    1
5    2    7    0    0    1    2    1    1
5    2    7    0    0    1    1    1    3
5    2    7    0    -1    0    0    0    1
5    2    7    0    1    1    1    0    2
5    2    8    0    -1    1    2    1    1
5    2    8    0    0    0    0    0    1
5    2    8    0    0    1    1    1    5
5    2    8    0    0    1    2    1    2
5    2    8    0    -1    0    0    0    1
5    2    9    0    1    1    1    0    1
5    2    9    0    -1    1    1    0    1
5    2    9    0    0    1    2    1    1
5    2    9    0    -1    1    1    1    1
5    2    9    1    0    0    0    0    1
5    2    9    0    0    0    0    0    4
5    2    9    0    0    1    1    1    1
5    2    10    0    0    0    0    0    3
5    2    10    1    0    0    0    0    5
5    2    10    0    -1    1    1    1    1
5    2    10    0    -1    1    2    0    1
5    2    11    1    0    0    0    0    5
5    2    11    0    0    0    0    0    5
5    2    6    1    1    1    1    0    1
5    2    6    0    -1    1    1    0    1
5    2    6    0    1    1    1    0    2
5    2    6    0    1    1    1    1    1
5    2    6    0    0    1    1    0    2
5    2    6    0    -1    1    2    0    1
5    2    7    0    0    1    1    1    5
5    2    7    0    0    0    0    0    4
5    2    7    0    1    1    1    1    1
5    2    8    1    1    1    1    0    1
5    2    8    0    0    0    0    0    4
5    2    8    0    0    1    1    1    3
5    2    8    0    0    1    2    1    1
5    2    8    0    -1    0    0    0    1
5    2    9    0    -1    0    0    0    1
5    2    9    1    1    1    1    0    1
5    2    9    0    -1    1    1    1    1
5    2    9    1    0    0    0    0    2
5    2    9    0    0    0    0    0    3
5    2    9    0    0    1    1    0    1
5    2    9    0    0    1    1    1    1
5    2    10    0    0    0    0    0    7
5    2    10    1    0    0    0    0    2
5    2    10    0    -1    0    0    0    1
5    2    11    1    0    0    0    0    6
5    2    11    0    0    0    0    0    4
5    2    6    0    0    1    2    0    1
5    2    6    1    1    1    1    0    1
5    2    6    0    -1    1    1    0    1
5    2    6    0    1    1    1    0    3
5    2    6    0    0    1    1    1    1
5    2    6    0    0    1    1    0    3
5    2    7    0    0    1    1    1    3
5    2    7    0    0    0    0    0    3
5    2    7    0    -1    1    2    1    1
5    2    7    0    1    1    1    0    2
5    2    7    0    0    1    2    1    1
5    2    8    1    1    1    1    0    1
5    2    8    0    0    0    0    0    5
5    2    8    0    0    1    1    1    4
5    2    9    0    0    1    1    1    2
5    2    9    1    0    0    0    0    1
5    2    9    0    0    0    0    0    7
5    2    10    0    0    0    0    0    6
5    2    10    1    0    0    0    0    3
5    2    10    0    0    1    1    1    1
5    2    11    1    0    0    0    0    7
5    2    11    0    0    0    0    0    3
5    2    5    1    1    1    1    0    1
5    2    6    0    0    1    1    0    2
5    2    6    1    1    1    1    0    1
5    2    6    0    0    1    1    1    1
5    2    6    0    1    1    1    1    1
5    2    6    0    1    1    1    0    5
5    2    7    0    0    0    0    0    1
5    2    7    0    0    1    1    0    1
5    2    7    0    0    1    1    1    1
5    2    7    0    1    1    1    1    2
5    2    7    0    1    1    1    0    2
5    2    7    0    -1    1    1    0    2
5    2    7    1    1    1    1    0    1
5    2    8    0    0    0    0    0    5
5    2    8    0    0    1    1    1    4
5    2    8    0    1    1    1    0    1
5    2    9    0    -1    0    0    0    1
5    2    9    1    0    0    0    0    1
5    2    9    0    0    1    1    1    1
5    2    9    0    0    0    0    0    7
5    2    10    0    0    0    0    0    7
5    2    10    0    0    1    1    1    2
5    2    10    1    0    0    0    0    1
5    2    11    1    0    0    0    0    4
5    2    11    0    0    0    0    0    6
5    2    6    0    0    1    2    0    1
5    2    6    1    1    1    1    0    1
5    2    6    0    -1    1    1    0    2
5    2    6    0    1    1    1    0    1
5    2    6    0    0    1    1    1    3
5    2    6    0    0    1    1    0    1
5    2    6    0    -1    1    2    0    1
5    2    7    0    0    0    0    0    1
5    2    7    0    0    1    1    0    2
5    2    7    0    0    1    2    1    1
5    2    7    0    0    1    1    1    2
5    2    7    0    1    1    1    1    1
5    2    7    0    1    1    1    0    2
5    2    7    0    -1    1    1    0    1
5    2    8    0    0    1    1    1    3
5    2    8    0    0    1    2    1    1
5    2    8    0    0    0    0    0    1
5    2    8    1    0    0    0    0    1
5    2    8    0    -1    1    1    1    1
5    2    8    0    -1    1    2    1    1
5    2    8    0    1    1    1    0    2
5    2    9    0    -1    1    2    1    1
5    2    9    1    0    0    0    0    2
5    2    9    0    0    0    0    0    7
5    2    10    0    0    0    0    0    7
5    2    10    1    0    0    0    0    3
5    2    11    1    0    0    0    0    4
5    2    11    0    0    0    0    0    6
5    2    5    1    1    1    1    0    1
5    2    6    1    1    1    1    0    2
5    2    6    0    1    1    1    0    1
5    2    6    0    1    1    1    1    1
5    2    6    0    0    1    1    1    3
5    2    6    0    0    1    1    0    2
5    2    6    0    -1    1    2    0    1
5    2    7    0    0    0    0    0    2
5    2    7    0    0    1    1    0    1
5    2    7    0    0    1    1    1    3
5    2    7    0    1    1    1    1    1
5    2    7    0    -1    0    0    0    1
5    2    7    1    1    1    1    0    2
5    2    8    1    0    0    0    0    1
5    2    8    0    0    0    0    0    4
5    2    8    0    0    1    1    1    5
5    2    9    0    1    1    1    1    1
5    2    9    0    1    1    1    0    1
5    2    9    1    1    1    0    1    1
5    2    9    0    0    1    1    1    4
5    2    9    0    0    0    0    0    3
5    2    10    0    0    0    0    0    7
5    2    10    1    0    0    0    0    2
5    2    10    0    0    1    1    1    1
5    2    11    1    0    0    0    0    5
5    2    11    0    0    0    0    0    5
5    2    6    0    0    1    1    0    3
5    2    6    1    1    1    1    0    1
5    2    6    0    -1    1    1    0    2
5    2    6    0    0    1    1    1    2
5    2    6    0    1    1    1    0    2
5    2    7    0    0    1    1    0    1
5    2    7    0    0    1    2    1    1
5    2    7    0    0    1    1    1    5
5    2    7    0    1    1    1    1    1
5    2    7    0    1    1    1    0    1
5    2    7    0    -1    1    1    0    1
5    2    8    0    0    0    0    0    5
5    2    8    0    0    1    1    1    4
5    2    8    0    -1    1    1    1    1
5    2    9    0    -1    0    0    0    1
5    2    9    0    0    1    1    0    1
5    2    9    0    -1    1    2    1    1
5    2    9    0    0    1    1    1    1
5    2    9    0    0    0    0    0    6
5    2    10    0    0    0    0    0    7
5    2    10    1    0    0    0    0    2
5    2    10    0    1    1    1    0    1
5    2    11    0    0    1    1    1    1
5    2    11    1    0    0    0    0    4
5    2    11    0    0    0    0    0    5
5    2    6    0    0    1    1    0    1
5    2    6    0    -1    1    1    0    2
5    2    6    0    0    1    1    1    1
5    2    7    0    0    1    1    1    1
5    2    7    0    1    1    1    0    1
5    2    8    1    1    1    1    0    1
5    2    8    0    0    0    0    0    5
5    2    8    0    0    1    1    1    3
5    2    8    1    0    0    0    0    1
5    2    9    0    0    1    1    1    2
5    2    9    0    0    0    0    0    8
5    2    10    0    0    0    0    0    5
5    2    10    1    0    0    0    0    4
5    2    10    0    0    1    1    1    1
5    2    11    1    0    0    0    0    3
5    2    11    0    0    1    1    1    1
5    2    11    0    0    0    0    0    6
5    2    6    1    1    1    1    0    1
5    2    6    0    -1    1    1    0    1
5    2    6    0    1    1    1    0    1
5    2    6    0    1    1    1    1    1
5    2    6    0    0    1    1    1    5
5    2    6    0    -1    1    2    0    1
5    2    7    0    0    1    1    1    5
5    2    7    0    -1    1    1    0    2
5    2    7    0    0    1    1    0    1
5    2    7    0    0    0    0    0    2
5    2    8    0    1    1    1    1    1
5    2    8    0    0    1    1    1    2
5    2    8    0    0    1    1    0    1
5    2    8    0    0    0    0    0    4
5    2    8    0    -1    1    1    0    1
5    2    8    0    -1    0    0    0    1
5    2    9    0    1    1    1    1    1
5    2    9    0    -1    0    0    0    1
5    2    9    0    0    1    1    1    2
5    2    9    0    0    0    0    0    6
5    2    10    0    0    0    0    0    4
5    2    10    1    0    0    0    0    5
5    2    10    0    -1    0    0    0    1
5    2    11    1    0    0    0    0    7
5    2    11    0    0    0    0    0    3
5    2    6    0    0    1    1    0    1
5    2    6    0    1    1    1    1    1
5    2    6    0    -1    1    1    0    2
5    2    6    0    0    1    1    1    2
5    2    6    0    1    1    1    0    4
5    2    7    0    0    1    1    1    5
5    2    7    0    -1    1    1    0    2
5    2    7    0    -1    1    2    0    1
5    2    7    0    0    0    0    0    2
5    2    8    0    1    1    1    1    2
5    2    8    0    0    1    1    1    3
5    2    8    0    0    1    2    1    1
5    2    8    0    0    0    0    0    2
5    2    8    1    0    0    0    0    1
5    2    8    0    1    1    1    0    1
5    2    9    0    -1    1    2    0    1
5    2    9    0    0    1    1    1    2
5    2    9    0    0    0    0    0    7
5    2    10    0    0    0    0    0    5
5    2    10    1    0    0    0    0    4
5    2    10    0    1    1    1    1    1
5    2    11    1    0    0    0    0    4
5    2    11    0    0    0    0    0    5
5    2    11    0    1    1    1    1    1
5    2    6    0    1    1    2    0    1
5    2    6    1    1    1    1    0    1
5    2    6    0    -1    1    1    0    1
5    2    6    0    1    1    1    0    1
5    2    6    0    0    1    1    1    3
5    2    6    0    0    1    1    0    2
5    2    6    0    -1    1    2    0    1
5    2    7    0    0    0    0    0    2
5    2    7    0    0    1    1    1    3
5    2    7    0    1    1    2    1    1
5    2    7    0    1    1    1    0    1
5    2    7    0    -1    1    1    0    2
5    2    7    1    1    1    1    0    1
5    2    8    0    1    1    1    1    1
5    2    8    0    0    1    2    0    1
5    2    8    0    0    0    0    0    3
5    2    8    0    0    1    1    1    5
5    2    9    1    1    1    1    0    1
5    2    9    0    -1    0    0    0    1
5    2    9    1    0    0    0    0    1
5    2    9    0    0    1    1    1    1
5    2    9    0    0    0    0    0    6
5    2    10    0    0    0    0    0    6
5    2    10    1    0    0    0    0    2
5    2    10    0    -1    0    0    0    2
5    2    11    1    0    0    0    0    5
5    2    11    0    0    0    0    0    5
5    2    6    0    0    1    1    0    2
5    2    6    0    -1    1    1    0    4
5    2    6    0    0    1    1    1    3
5    2    6    0    0    1    2    0    1
5    2    7    0    0    1    1    1    3
5    2    7    0    0    0    0    0    2
5    2    7    0    1    1    1    1    1
5    2    7    0    -1    0    0    0    1
5    2    7    0    -1    1    1    0    3
5    2    8    1    1    1    1    0    1
5    2    8    0    0    0    0    0    3
5    2    8    0    0    1    1    1    5
5    2    8    0    0    1    1    0    1
2014-09-01,10:55
5    1    11    0    1    1    1    0    6
5    1    11    0    0    1    1    0    3
5    1    12    0    0    1    1    1    1
5    1    12    0    0    1    1    0    1
5    1    12    0    1    1    1    0    3
5    1    13    0    0    1    1    0    2
5    1    13    0    -1    1    1    1    2
5    1    13    0    1    1    1    1    2
5    1    13    0    0    0    0    0    1
5    1    13    0    0    1    1    1    3
5    1    14    0    0    1    1    1    5
5    1    14    0    0    0    0    0    3
5    1    14    0    1    1    1    1    2
5    1    15    0    -1    1    1    1    2
5    1    15    0    0    0    0    0    4
5    1    15    0    0    1    1    1    4
5    1    16    0    0    1    1    1    3
5    1    16    0    0    0    0    0    7
5    1    17    0    0    0    0    0    7
5    1    17    0    0    1    1    1    2
5    1    17    0    -1    1    1    1    1
5    1    18    1    0    1    0    1    1
5    1    18    1    0    0    0    0    1
5    1    18    0    0    1    1    1    2
5    1    18    0    0    0    0    0    6
5    1    19    0    0    0    0    0    7
5    1    19    1    0    0    0    0    3
5    1    20    1    0    0    0    0    3
5    1    20    0    0    0    0    0    6
5    1    20    0    0    1    1    1    1
5    1    21    0    0    0    0    0    4
5    1    21    1    0    0    0    0    6
5    1    22    1    0    0    0    0    6
5    1    22    0    0    0    0    0    3
5    1    22    0    -1    1    1    1    1
5    1    11    0    1    1    1    0    1
5    1    12    0    0    1    1    1    3
5    1    12    1    1    1    1    0    1
5    1    12    0    0    1    1    0    1
5    1    12    0    1    1    1    0    4
5    1    13    0    0    1    1    0    1
5    1    13    0    -1    0    0    0    1
5    1    13    0    0    0    0    0    2
5    1    13    0    0    1    1    1    3
5    1    13    0    1    1    1    0    3
5    1    14    0    1    1    1    0    2
5    1    14    0    -1    0    0    0    1
5    1    14    0    1    1    2    0    1
5    1    14    0    0    0    0    0    3
5    1    14    0    0    1    1    0    1
5    1    14    0    0    1    1    1    2
5    1    15    0    -1    0    0    0    1
5    1    15    0    -1    1    1    1    3
5    1    15    0    -1    1    1    0    2
5    1    15    0    0    0    0    0    1
5    1    15    0    0    1    1    1    3
5    1    16    0    -1    1    1    1    1
5    1    16    0    0    1    1    1    4
5    1    16    0    0    0    0    0    3
5    1    16    0    1    1    1    1    2
5    1    17    0    0    0    0    0    6
5    1    17    1    0    0    0    0    2
5    1    17    0    0    1    1    0    1
5    1    17    0    0    1    1    1    1
5    1    18    1    0    1    0    1    1
5    1    18    0    0    1    1    0    1
5    1    18    0    0    1    1    1    1
5    1    18    1    0    0    0    0    2
5    1    18    0    0    0    0    0    5
5    1    19    0    0    0    0    0    6
5    1    19    1    0    0    0    0    4
5    1    20    1    0    0    0    0    3
5    1    20    0    0    0    0    0    5
5    1    20    0    -1    1    1    1    1
5    1    20    0    0    1    1    1    1
5    1    21    1    0    1    0    1    1
5    1    21    0    0    0    0    0    6
5    1    21    1    0    0    0    0    3
5    1    22    1    0    0    0    0    3
5    1    22    0    0    0    0    0    6
5    1    22    0    0    1    1    1    1
5    1    11    0    1    1    1    0    4
5    1    11    0    0    1    1    0    3
5    1    12    0    0    1    1    1    1
5    1    12    0    1    1    1    1    1
5    1    12    1    1    1    1    0    3
5    1    12    0    0    1    1    0    3
5    1    12    0    1    1    1    0    2
5    1    13    0    0    1    1    0    3
5    1    13    0    1    1    1    1    1
5    1    13    0    -1    1    1    0    1
5    1    13    0    0    1    1    1    3
5    1    13    0    1    1    1    0    2
5    1    14    1    1    1    1    0    1
5    1    14    0    -1    0    0    0    1
5    1    14    0    -1    1    1    0    1
5    1    14    0    0    0    0    0    1
5    1    14    0    0    1    1    0    3
5    1    14    0    0    1    1    1    3
5    1    15    0    1    1    1    0    1
5    1    15    0    -1    0    0    0    2
5    1    15    0    0    0    0    0    3
5    1    15    0    -1    1    1    0    2
5    1    15    0    0    1    1    1    2
5    1    16    1    0    0    0    0    1
5    1    16    0    0    1    1    1    2
5    1    16    0    0    0    0    0    7
5    1    17    0    0    0    0    0    5
5    1    17    0    0    1    1    1    2
5    1    17    0    0    1    1    0    1
5    1    17    1    0    1    0    1    1
5    1    17    0    -1    1    1    1    1
5    1    18    0    -1    0    0    0    1
5    1    18    1    0    0    0    0    5
5    1    18    0    0    0    0    0    4
5    1    19    0    0    0    0    0    7
5    1    19    0    0    1    1    1    2
5    1    19    0    -1    0    0    0    1
5    1    20    1    0    0    0    0    4
5    1    20    0    0    0    0    0    3
5    1    20    0    -1    1    1    1    1
5    1    20    1    0    1    0    1    1
5    1    20    0    0    1    1    1    1
5    1    21    0    0    0    0    0    6
5    1    21    1    0    0    0    0    4
5    1    22    1    0    0    0    0    4
5    1    22    0    0    0    0    0    6
5    1    11    0    1    1    1    0    1
5    1    11    0    0    1    1    0    1
5    1    12    0    0    1    1    1    1
5    1    12    0    1    1    1    1    2
5    1    12    0    1    1    1    0    3
5    1    12    0    -1    1    1    0    2
5    1    12    1    1    1    1    0    1
5    1    12    0    0    1    1    0    1
5    1    13    0    0    1    1    0    4
5    1    13    0    -1    1    1    0    2
5    1    13    0    0    1    1    1    3
5    1    13    0    1    1    1    0    1
5    1    14    0    1    1    1    0    1
5    1    14    0    -1    1    1    0    1
5    1    14    0    -1    1    1    1    1
5    1    14    0    0    0    0    0    1
5    1    14    0    0    1    1    0    1
5    1    14    0    0    1    1    1    5
5    1    15    0    -1    1    1    1    1
5    1    15    0    1    1    1    1    2
5    1    15    0    0    0    0    0    1
5    1    15    0    0    1    1    1    6
5    1    16    0    1    1    1    0    1
5    1    16    0    0    1    1    1    6
5    1    16    0    0    0    0    0    3
5    1    17    0    1    1    1    0    1
5    1    17    0    1    1    1    1    1
5    1    17    0    0    1    1    1    2
5    1    17    0    0    1    1    0    1
5    1    17    0    0    0    0    0    4
5    1    17    1    0    0    0    0    1
5    1    18    0    1    1    1    1    1
5    1    18    1    0    0    0    0    1
5    1    18    0    0    1    1    1    3
5    1    18    0    0    0    0    0    5
5    1    19    0    0    1    1    1    2
5    1    19    0    0    0    0    0    3
5    1    19    1    0    0    0    0    3
5    1    19    0    -1    1    1    0    1
5    1    19    0    0    1    0    1    1
5    1    20    1    0    0    0    0    1
5    1    20    0    0    0    0    0    8
5    1    20    0    0    1    1    0    1
5    1    21    0    0    0    0    0    5
5    1    21    1    0    0    0    0    5
5    1    22    1    0    0    0    0    8
5    1    22    0    0    0    0    0    1
5    1    22    0    -1    0    0    0    1
5    1    12    0    0    1    1    1    3
5    1    12    1    1    1    1    0    2
5    1    12    0    0    1    1    0    1
5    1    12    0    1    1    1    0    4
5    1    13    0    0    1    1    0    4
5    1    13    0    1    1    1    1    1
5    1    13    0    -1    1    1    0    2
5    1    13    0    0    1    1    1    2
5    1    13    0    1    1    1    0    1
5    1    14    0    1    1    1    0    2
5    1    14    0    -1    1    1    0    2
5    1    14    0    0    0    0    0    2
5    1    14    0    0    1    1    0    1
5    1    14    0    0    1    1    1    2
5    1    14    0    1    1    1    1    1
5    1    15    0    -1    1    1    1    1
5    1    15    0    0    0    0    0    5
5    1    15    0    0    1    1    1    4
5    1    16    0    0    1    1    1    5
5    1    16    0    0    0    0    0    4
5    1    16    1    1    1    1    0    1
5    1    17    0    0    0    0    0    6
5    1    17    0    0    1    1    1    4
5    1    18    0    0    1    1    1    2
5    1    18    0    0    0    0    0    8
5    1    19    0    0    1    1    1    1
5    1    19    0    0    0    0    0    8
5    1    19    1    0    0    0    0    1
5    1    20    1    0    0    0    0    2
5    1    20    0    0    0    0    0    7
5    1    20    0    0    1    1    1    1
5    1    21    0    0    0    0    0    7
5    1    21    1    0    0    0    0    2
5    1    21    0    0    1    1    1    1
5    1    22    1    0    0    0    0    3
5    1    22    0    0    0    0    0    7
5    1    12    0    0    1    1    1    3
5    1    12    0    -1    1    1    0    1
5    1    12    1    1    1    1    0    2
5    1    12    0    0    1    1    0    1
5    1    12    0    1    1    1    0    3
5    1    13    0    -1    0    0    0    2
5    1    13    0    0    1    1    0    2
5    1    13    0    -1    1    1    0    1
5    1    13    0    0    1    1    1    5
5    1    14    0    1    1    1    0    1
5    1    14    0    0    1    1    1    6
5    1    14    0    0    0    0    0    2
5    1    14    0    -1    1    1    0    1
5    1    15    0    0    1    1    0    1
5    1    15    0    0    0    0    0    4
5    1    15    0    -1    1    1    1    1
5    1    15    0    -1    1    1    0    1
5    1    15    0    -1    0    0    0    1
5    1    15    0    0    1    1    1    2
5    1    16    1    0    0    0    0    1
5    1    16    0    1    1    1    0    2
5    1    16    0    0    1    1    1    3
5    1    16    0    0    0    0    0    4
5    1    17    0    0    0    0    0    7
5    1    17    0    0    1    1    1    1
5    1    17    1    0    1    0    1    1
5    1    17    0    1    1    1    1    1
5    1    18    0    0    1    1    0    1
5    1    18    0    1    1    1    0    1
5    1    18    0    0    1    1    1    2
5    1    18    0    0    0    0    0    6
5    1    19    0    0    0    0    0    9
5    1    19    0    -1    0    0    0    1
5    1    20    1    0    0    0    0    3
5    1    20    0    0    0    0    0    7
5    1    21    0    0    0    0    0    6
5    1    21    1    0    0    0    0    4
5    1    22    1    0    0    0    0    4
5    1    22    0    0    0    0    0    5
5    1    22    0    -1    0    0    0    1
5    1    10    1    1    1    1    0    1
5    1    11    0    1    1    1    0    1
5    1    11    0    0    1    1    0    4
5    1    12    0    0    1    1    1    2
5    1    12    0    1    1    1    1    1
5    1    12    0    1    1    1    0    1
5    1    12    0    -1    1    1    0    2
5    1    12    1    1    1    1    0    2
5    1    12    0    0    1    1    0    2
5    1    13    0    0    1    1    0    1
5    1    13    0    -1    1    1    1    1
5    1    13    0    -1    1    1    0    1
5    1    13    0    0    1    1    1    5
5    1    13    0    1    1    1    0    2
5    1    14    0    1    1    1    0    1
5    1    14    0    0    1    1    1    5
5    1    14    0    -1    1    1    0    2
5    1    14    0    0    1    1    0    2
5    1    15    0    1    1    1    0    1
5    1    15    0    -1    0    0    0    3
5    1    15    0    -1    1    1    1    1
5    1    15    0    0    0    0    0    1
5    1    15    0    0    1    1    1    4
5    1    16    0    -1    0    0    0    1
5    1    16    0    1    1    1    0    1
5    1    16    0    0    1    1    1    2
5    1    16    0    0    0    0    0    5
5    1    16    0    1    1    1    1    1
5    1    17    0    1    1    1    1    1
5    1    17    0    0    1    1    1    1
5    1    17    0    0    1    1    0    1
5    1    17    0    0    0    0    0    3
5    1    17    1    0    0    0    0    2
5    1    17    0    -1    1    1    1    2
5    1    18    1    1    1    0    1    1
5    1    18    0    -1    0    0    0    1
5    1    18    0    1    1    1    1    1
5    1    18    1    0    0    0    0    1
5    1    18    0    0    0    0    0    3
5    1    18    1    0    1    0    1    1
5    1    18    0    0    1    1    1    2
5    1    19    0    0    0    0    0    7
5    1    19    0    0    1    1    1    2
5    1    19    0    -1    1    1    1    1
5    1    20    1    0    0    0    0    1
5    1    20    0    0    0    0    0    8
5    1    20    0    -1    0    0    0    1
5    1    21    0    -1    0    0    0    1
5    1    21    0    0    0    0    0    5
5    1    21    1    0    0    0    0    4
5    1    22    1    0    0    0    0    4
5    1    22    0    0    0    0    0    5
5    1    22    0    0    1    1    1    1
5    1    12    0    0    1    1    1    1
5    1    12    0    1    1    1    1    1
5    1    12    0    1    1    1    0    1
5    1    12    0    -1    1    1    0    3
5    1    12    1    1    1    1    0    1
5    1    12    0    0    1    1    0    3
5    1    13    0    -1    1    1    1    1
5    1    13    0    1    1    1    1    2
5    1    13    0    -1    1    1    0    3
5    1    13    0    0    1    1    1    3
5    1    13    0    1    1    1    0    1
5    1    14    0    1    1    1    0    1
5    1    14    0    0    1    1    1    3
5    1    14    0    -1    1    1    0    3
5    1    14    0    1    1    1    1    1
5    1    14    0    0    0    0    0    2
5    1    15    0    1    1    1    1    2
5    1    15    0    -1    1    1    0    1
5    1    15    0    0    0    0    0    2
5    1    15    0    0    1    1    1    5
5    1    16    0    0    1    1    0    1
5    1    16    0    0    1    1    1    5
5    1    16    1    0    0    0    0    1
5    1    16    0    0    0    0    0    3
5    1    17    0    0    0    0    0    8
5    1    17    0    0    1    1    1    1
5    1    17    1    0    0    0    0    1
5    1    18    0    1    1    1    1    1
5    1    18    0    0    1    1    1    1
5    1    18    0    0    0    0    0    8
5    1    19    0    0    1    1    1    1
5    1    19    0    0    0    0    0    7
5    1    19    1    0    0    0    0    2
5    1    20    1    0    0    0    0    3
5    1    20    0    0    0    0    0    5
5    1    20    0    -1    0    0    0    1
5    1    20    0    0    1    1    1    1
5    1    21    0    0    0    0    0    6
5    1    21    1    0    0    0    0    4
5    1    22    1    0    0    0    0    4
5    1    22    0    0    0    0    0    6
5    1    10    1    1    1    1    0    1
5    1    11    0    1    1    1    0    3
5    1    12    0    0    1    1    1    3
5    1    12    0    -1    1    1    0    1
5    1    12    1    1    1    1    0    3
5    1    12    0    0    1    1    0    2
5    1    12    0    1    1    1    0    1
5    1    13    0    0    1    1    0    4
5    1    13    0    -1    0    0    0    1
5    1    13    0    1    1    1    1    1
5    1    13    0    0    1    1    1    2
5    1    13    0    1    1    1    0    2
5    1    14    0    0    1    1    1    7
5    1    14    0    0    0    0    0    1
5    1    14    0    -1    1    1    1    1
5    1    14    0    0    1    1    0    1
5    1    15    1    0    0    0    0    1
5    1    15    0    1    1    1    1    3
5    1    15    0    0    0    0    0    3
5    1    15    0    0    1    1    1    3
5    1    16    0    -1    1    1    1    2
5    1    16    0    0    1    1    1    6
5    1    16    0    0    0    0    0    2
5    1    17    0    0    0    0    0    9
5    1    17    0    0    1    1    0    1
5    1    18    0    -1    1    1    1    1
5    1    18    0    0    1    1    0    1
5    1    18    0    0    1    1    1    3
5    1    18    0    0    0    0    0    5
5    1    19    0    -1    1    1    0    1
5    1    19    1    0    0    0    0    2
5    1    19    0    0    0    0    0    7
5    1    20    0    0    1    1    1    2
5    1    20    1    0    0    0    0    2
5    1    20    0    0    0    0    0    6
5    1    21    0    0    0    0    0    5
5    1    21    1    0    0    0    0    5
5    1    22    1    0    0    0    0    5
5    1    22    0    0    0    0    0    4
5    1    22    0    0    1    1    1    1
5    1    10    1    1    1    1    0    1
5    1    11    0    1    1    1    0    1
5    1    11    0    0    1    1    0    2
5    1    12    0    0    1    1    1    3
5    1    12    0    1    1    1    1    1
5    1    12    0    1    1    1    0    2
5    1    12    0    -1    1    1    0    1
5    1    12    1    1    1    1    0    1
5    1    12    0    0    1    1    0    2
5    1    13    0    -1    0    0    0    1
5    1    13    0    0    1    1    0    1
5    1    13    0    -1    1    1    0    3
5    1    13    0    0    1    1    1    5
5    1    14    0    1    1    1    0    2
5    1    14    1    1    1    1    0    1
5    1    14    0    -1    0    0    0    1
5    1    14    0    -1    1    1    0    1
5    1    14    0    0    0    0    0    3
5    1    14    0    0    1    1    1    2
5    1    15    0    0    1    1    0    1
5    1    15    0    0    0    0    0    3
5    1    15    1    0    0    0    0    1
5    1    15    0    1    1    1    0    1
5    1    15    0    1    1    1    1    1
5    1    15    0    0    1    1    1    3
5    1    16    0    -1    1    1    1    2
5    1    16    0    -1    0    0    0    1
5    1    16    0    0    1    1    1    1
5    1    16    0    0    0    0    0    5
5    1    16    1    0    0    0    0    1
5    1    17    0    0    0    0    0    9
5    1    17    0    0    1    1    1    1
5    1    18    0    -1    1    1    1    1
5    1    18    0    -1    0    0    0    1
5    1    18    0    0    1    1    1    2
5    1    18    1    0    0    0    0    3
5    1    18    0    0    0    0    0    3
5    1    19    0    1    1    1    1    1
5    1    19    0    0    1    1    1    1
5    1    19    0    0    0    0    0    7
5    1    19    1    0    0    0    0    1
5    1    20    1    0    0    0    0    5
5    1    20    0    0    0    0    0    5
5    1    21    0    -1    1    1    1    1
5    1    21    0    0    0    0    0    6
5    1    21    1    0    0    0    0    2
5    1    21    0    0    1    1    1    1
5    1    22    1    0    0    0    0    5
5    1    22    0    0    0    0    0    5
5    1    11    0    1    1    1    0    5
5    1    11    0    0    1    1    0    3
5    1    12    0    -1    1    1    0    3
5    1    12    1    1    1    1    0    2
5    1    12    0    0    1    1    0    4
5    1    12    0    1    1    1    0    1
5    1    13    0    -1    1    1    1    1
5    1    13    0    1    1    1    1    2
5    1    13    0    0    0    0    0    1
5    1    13    0    0    1    1    1    6
5    1    14    0    1    1    1    0    1
5    1    14    0    0    1    1    1    4
5    1    14    0    -1    1    1    0    3
5    1    14    0    1    1    1    1    2
5    1    15    0    0    1    1    0    1
5    1    15    0    0    0    0    0    5
5    1    15    0    -1    1    1    0    1
5    1    15    0    0    1    1    1    3
5    1    16    0    -1    1    1    1    1
5    1    16    0    0    1    1    0    1
5    1    16    0    0    1    1    1    2
5    1    16    0    0    0    0    0    6
5    1    17    0    0    0    0    0    5
5    1    17    0    0    1    1    1    2
5    1    17    0    -1    0    0    0    1
5    1    17    0    1    1    1    1    1
5    1    17    1    0    0    0    0    1
5    1    18    0    -1    1    1    1    1
5    1    18    1    0    0    0    0    2
5    1    18    0    0    0    0    0    7
5    1    19    0    0    0    0    0    7
5    1    19    1    0    0    0    0    3
5    1    20    1    0    0    0    0    3
5    1    20    0    0    0    0    0    5
5    1    20    0    0    1    1    1    2
5    1    21    0    0    0    0    0    5
5    1    21    1    0    0    0    0    4
5    1    21    0    0    1    1    1    1
5    1    22    1    0    0    0    0    6
5    1    22    0    0    0    0    0    3
5    1    22    0    0    1    1    1    1
5    1    11    0    1    1    1    0    3
5    1    11    0    0    1    1    0    1
5    1    12    0    0    1    1    1    3
5    1    12    0    -1    1    1    0    3
5    1    12    0    0    1    1    0    2
5    1    12    0    1    1    1    0    2
5    1    13    0    1    1    1    1    1
5    1    13    0    0    1    1    1    3
5    1    13    0    0    1    1    0    2
5    1    13    0    0    0    0    0    1
5    1    13    0    -1    1    1    1    1
5    1    13    0    1    1    1    0    2
5    1    14    0    1    1    1    0    2
5    1    14    0    0    1    1    1    4
5    1    14    0    0    0    0    0    2
5    1    14    0    1    1    1    1    1
5    1    14    0    -1    0    0    0    1
5    1    15    0    1    1    1    0    1
5    1    15    0    1    1    1    1    2
5    1    15    0    0    0    0    0    1
5    1    15    0    -1    1    1    0    1
5    1    15    0    0    1    1    1    5
5    1    16    0    1    1    1    1    1
5    1    16    0    0    1    1    1    5
5    1    16    0    -1    1    1    0    2
5    1    16    0    0    0    0    0    2
5    1    17    0    0    0    0    0    4
5    1    17    0    0    1    1    1    5
5    1    17    1    0    1    0    1    1
5    1    18    0    0    1    1    1    1
5    1    18    1    0    0    0    0    4
5    1    18    0    0    0    0    0    5
5    1    19    0    1    1    1    1    1
5    1    19    0    0    0    0    0    7
5    1    19    1    0    0    0    0    2
5    1    20    1    0    0    0    0    6
5    1    20    0    0    0    0    0    4
5    1    21    0    0    0    0    0    5
5    1    21    1    0    0    0    0    5
5    1    22    1    0    0    0    0    4
5    1    22    0    0    0    0    0    6
5    1    12    0    0    1    1    1    1
5    1    12    0    -1    1    1    0    1
5    1    12    0    1    1    1    1    1
5    1    12    0    0    1    1    0    6
5    1    12    0    1    1    1    0    1
5    1    13    0    1    1    1    1    2
5    1    13    0    0    1    1    1    2
5    1    13    0    0    1    1    0    1
5    1    13    0    -1    1    1    1    1
5    1    13    0    -1    1    1    0    1
5    1    13    0    1    1    1    0    3
5    1    14    0    1    1    1    0    1
5    1    14    1    1    1    1    0    1
5    1    14    0    -1    1    1    1    1
5    1    14    0    0    0    0    0    4
5    1    14    0    0    1    1    0    1
5    1    14    0    0    1    1    1    2
5    1    15    0    1    1    1    1    1
5    1    15    0    0    0    0    0    4
5    1    15    0    0    1    1    1    5
5    1    16    0    0    1    1    1    4
5    1    16    1    0    0    0    0    2
5    1    16    0    0    0    0    0    3
5    1    16    0    1    1    1    1    1
5    1    17    0    0    0    0    0    8
5    1    17    1    0    0    0    0    1
5    1    17    0    -1    1    1    1    1
5    1    18    1    1    1    1    0    1
5    1    18    0    -1    1    1    0    1
5    1    18    0    -1    0    0    0    1
5    1    18    0    0    0    0    0    7
5    1    19    1    0    1    0    1    1
5    1    19    0    0    0    0    0    5
5    1    19    1    0    0    0    0    3
5    1    19    0    -1    1    1    1    1
5    1    20    1    0    0    0    0    4
5    1    20    0    0    0    0    0    5
5    1    20    0    -1    0    0    0    1
5    1    21    0    0    0    0    0    6
5    1    21    1    0    0    0    0    4
5    1    22    1    0    0    0    0    5
5    1    22    0    0    0    0    0    4
5    1    22    0    -1    0    0    0    1
5    1    12    0    0    1    1    1    4
5    1    12    0    -1    1    1    0    4
5    1    12    0    0    1    1    0    2
5    1    13    0    1    1    1    1    1
5    1    13    0    0    1    1    1    3
5    1    13    0    0    1    1    0    1
5    1    13    0    0    0    0    0    2
5    1    13    0    -1    1    1    0    2
5    1    13    0    1    1    1    0    1
5    1    14    0    1    1    1    0    1
5    1    14    0    -1    1    1    1    1
5    1    14    0    0    0    0    0    1
5    1    14    0    0    1    1    0    2
5    1    14    0    0    1    1    1    4
5    1    14    0    1    1    1    1    1
5    1    15    0    0    1    1    0    1
5    1    15    0    0    0    0    0    4
5    1    15    0    -1    1    1    1    1
5    1    15    0    -1    0    0    0    1
5    1    15    0    1    1    1    1    1
5    1    15    0    0    1    1    1    2
5    1    16    0    -1    0    0    0    1
5    1    16    0    0    1    1    1    3
5    1    16    0    0    0    0    0    6
5    1    17    0    0    0    0    0    5
5    1    17    1    0    0    0    0    1
5    1    17    0    -1    0    0    0    1
5    1    17    0    0    1    1    1    3
5    1    18    0    -1    0    0    0    1
5    1    18    1    1    1    1    0    1
5    1    18    0    -1    1    1    1    1
5    1    18    1    0    0    0    0    3
5    1    18    0    0    0    0    0    3
5    1    18    0    0    1    1    1    1
5    1    19    0    0    0    0    0    5
5    1    19    1    0    0    0    0    4
5    1    19    0    -1    1    1    1    1
5    1    20    1    0    0    0    0    4
5    1    20    0    0    0    0    0    5
5    1    20    0    0    1    1    1    1
5    1    21    0    0    0    0    0    7
5    1    21    0    0    1    1    1    1
5    1    21    1    0    0    0    0    2
5    1    22    1    0    0    0    0    5
5    1    22    0    0    0    0    0    5
5    1    11    0    0    1    1    0    1
5    1    12    0    0    1    1    1    2
5    1    12    1    1    1    1    0    2
5    1    12    0    0    1    1    0    4
5    1    12    0    1    1    1    0    2
5    1    13    0    0    1    1    0    3
5    1    13    0    1    1    1    1    1
5    1    13    0    0    1    1    1    6
5    1    14    0    1    1    1    0    1
5    1    14    0    -1    0    0    0    1
5    1    14    0    -1    1    1    0    2
5    1    14    0    0    0    0    0    3
5    1    14    0    0    1    1    1    2
5    1    14    0    1    1    1    1    1
5    1    15    0    -1    1    1    1    1
5    1    15    0    0    0    0    0    4
5    1    15    0    0    1    1    1    5
5    1    16    1    0    1    0    1    1
5    1    16    0    -1    0    0    0    1
5    1    16    0    0    1    1    1    3
5    1    16    0    0    0    0    0    5
5    1    17    0    0    0    0    0    4
5    1    17    0    -1    1    1    0    1
5    1    17    0    1    1    1    1    3
5    1    17    0    0    1    1    1    2
5    1    18    1    0    1    0    1    1
5    1    18    0    0    1    1    1    2
5    1    18    0    0    0    0    0    7
5    1    19    0    1    1    1    1    2
5    1    19    0    0    0    0    0    5
5    1    19    0    0    1    1    1    2
5    1    19    1    0    0    0    0    1
5    1    20    1    0    0    0    0    5
5    1    20    0    0    0    0    0    5
5    1    21    0    0    0    0    0    5
5    1    21    1    0    0    0    0    5
5    1    22    1    0    0    0    0    4
5    1    22    0    0    0    0    0    6
5    1    12    0    0    1    1    1    4
5    1    12    1    1    1    1    0    1
5    1    12    0    1    1    1    1    1
5    1    12    0    0    1    1    0    2
5    1    12    0    1    1    1    0    2
5    1    13    0    0    1    1    0    3
5    1    13    0    -1    0    0    0    1
5    1    13    0    1    1    1    1    1
5    1    13    0    0    1    1    1    2
5    1    13    0    1    1    1    0    3
5    1    14    0    -1    1    1    0    1
5    1    14    0    0    1    1    1    5
5    1    14    0    0    0    0    0    2
5    1    14    0    1    1    1    1    1
5    1    14    0    -1    0    0    0    1
5    1    15    0    -1    0    0    0    2
5    1    15    0    -1    1    1    1    1
5    1    15    0    0    1    1    0    1
5    1    15    0    0    0    0    0    3
5    1    15    0    0    1    1    1    3
5    1    16    0    -1    1    1    1    2
5    1    16    0    1    1    1    0    1
5    1    16    0    0    1    1    1    5
5    1    16    0    0    0    0    0    2
5    1    17    0    0    0    0    0    3
5    1    17    0    0    1    1    1    3
5    1    17    0    -1    1    1    1    1
5    1    17    0    -1    1    1    0    1
5    1    17    1    0    0    0    0    2
5    1    18    0    0    1    1    1    3
5    1    18    0    0    0    0    0    7
5    1    19    0    0    0    0    0    7
5    1    19    1    0    0    0    0    3
5    1    20    1    0    0    0    0    1
5    1    20    0    0    0    0    0    8
5    1    20    1    0    1    0    1    1
5    1    21    0    -1    1    1    1    1
5    1    21    0    0    0    0    0    1
5    1    21    0    0    1    1    1    1
5    1    21    1    0    1    0    1    1
5    1    21    1    0    0    0    0    6
5    1    22    0    0    1    1    1    1
5    1    22    0    0    0    0    0    5
5    1    22    1    0    0    0    0    4
5    1    10    1    1    1    1    0    1
5    1    11    0    1    1    1    0    1
5    1    11    0    0    1    1    0    1
5    1    13    0    -1    0    0    0    1
5    1    13    0    0    1    1    0    1
5    1    13    0    0    1    1    1    6
5    1    13    0    1    1    1    0    2
5    1    14    0    1    1    1    0    2
5    1    14    1    1    1    1    0    1
5    1    14    0    -1    1    1    1    1
5    1    14    0    0    0    0    0    1
5    1    14    0    0    1    1    1    4
5    1    14    0    1    1    1    1    1
5    1    15    0    1    1    1    0    1
5    1    15    1    0    0    0    0    1
5    1    15    0    1    1    1    1    2
5    1    15    0    0    0    0    0    2
5    1    15    0    0    1    1    1    4
5    1    16    0    0    1    1    1    3
5    1    16    0    -1    1    1    0    1
5    1    16    0    0    0    0    0    6
5    1    17    0    0    0    0    0    3
5    1    17    0    0    1    1    1    4
5    1    17    0    -1    1    1    1    2
5    1    17    0    1    1    1    1    1
5    1    18    0    0    1    1    1    1
5    1    18    0    0    0    0    0    9
5    1    19    0    0    0    0    0    9
5    1    19    0    0    1    1    1    1
5    1    20    1    0    0    0    0    3
5    1    20    0    0    0    0    0    5
5    1    20    0    -1    1    1    1    1
5    1    20    0    -1    0    0    0    1
5    1    21    0    -1    0    0    0    2
5    1    21    0    0    0    0    0    2
5    1    21    1    0    0    0    0    5
5    1    21    0    0    1    1    1    1
5    1    22    1    0    0    0    0    4
5    1    22    0    0    0    0    0    6
5    1    11    0    1    1    1    0    1
5    1    11    0    0    1    1    0    2
5    1    12    0    0    1    1    1    1
5    1    12    0    -1    1    1    0    3
5    1    12    1    1    1    1    0    1
5    1    12    0    0    1    1    0    2
5    1    12    0    1    1    1    0    3
5    1    13    0    1    1    1    1    1
5    1    13    0    0    1    1    1    5
5    1    13    0    0    1    1    0    1
5    1    13    0    -1    1    1    1    1
5    1    13    0    -1    1    1    0    1
5    1    13    0    1    1    1    0    1
5    1    14    0    1    1    1    0    1
5    1    14    0    0    1    1    1    2
5    1    14    0    0    0    0    0    3
5    1    14    1    1    1    1    0    2
5    1    14    0    0    1    1    0    2
5    1    15    0    1    1    1    0    1
5    1    15    0    1    1    1    1    1
5    1    15    0    0    0    0    0    3
5    1    15    0    0    1    1    1    5
5    1    16    0    0    1    1    0    1
5    1    16    0    0    1    1    1    4
5    1    16    0    0    0    0    0    4
5    1    16    0    1    1    1    1    1
5    1    17    0    0    0    0    0    7
5    1    17    0    0    1    1    1    2
5    1    17    1    0    1    0    1    1
5    1    18    0    0    1    1    1    3
5    1    18    0    0    0    0    0    7
5    1    19    0    0    0    0    0    9
5    1    19    1    0    0    0    0    1
5    1    20    1    0    0    0    0    5
5    1    20    0    0    0    0    0    4
5    1    20    0    -1    1    1    1    1
5    1    21    0    0    0    0    0    7
5    1    21    1    0    0    0    0    3
5    1    22    1    0    0    0    0    5
5    1    22    0    0    0    0    0    5
5    1    10    1    1    1    1    0    1
5    1    11    0    1    1    1    0    4
5    1    11    0    0    1    1    0    1
5    1    12    0    0    1    1    1    4
5    1    12    0    1    1    1    1    1
5    1    12    1    1    1    1    0    1
5    1    12    0    0    1    1    0    1
5    1    12    0    1    1    1    0    1
5    1    13    0    0    1    1    0    1
5    1    13    0    1    1    1    1    1
5    1    13    0    -1    1    1    0    2
5    1    13    0    0    1    1    1    5
5    1    13    0    1    1    1    0    1
5    1    14    0    0    1    1    1    4
5    1    14    0    0    0    0    0    4
5    1    14    0    1    1    1    1    1
5    1    14    0    -1    1    1    1    1
5    1    15    0    -1    0    0    0    1
5    1    15    0    -1    1    1    1    2
5    1    15    0    0    0    0    0    4
5    1    15    0    0    1    1    1    3
5    1    16    0    0    1    1    1    1
5    1    16    0    0    0    0    0    8
5    1    16    0    -1    1    1    0    1
5    1    17    0    1    1    1    1    1
5    1    17    0    0    1    1    1    3
5    1    17    0    0    0    0    0    3
5    1    17    1    0    0    0    0    1
5    1    17    0    -1    1    1    1    1
5    1    17    0    -1    0    0    0    1
5    1    18    1    0    0    0    0    2
5    1    18    0    0    1    1    1    4
5    1    18    0    0    0    0    0    4
5    1    19    0    0    0    0    0    7
5    1    19    1    0    0    0    0    2
5    1    19    0    -1    1    1    0    1
5    1    20    1    0    0    0    0    2
5    1    20    0    0    0    0    0    7
5    1    20    0    -1    0    0    0    1
5    1    21    0    0    0    0    0    5
5    1    21    1    0    0    0    0    5
5    1    22    1    0    0    0    0    5
5    1    22    0    0    0    0    0    5
5    1    12    0    0    1    1    1    2
5    1    12    0    -1    1    1    0    2
5    1    12    1    1    1    1    0    3
5    1    13    0    0    1    1    1    5
5    1    13    0    0    1    1    0    1
5    1    13    0    0    0    0    0    1
5    1    13    0    -1    1    1    1    1
5    1    13    0    -1    1    1    0    1
5    1    13    0    1    1    1    0    1
5    1    14    0    1    1    1    1    2
5    1    14    0    0    1    1    1    4
5    1    14    0    0    0    0    0    1
5    1    14    0    -1    1    1    0    1
5    1    14    0    0    1    1    0    2
5    1    15    0    1    1    1    0    1
5    1    15    0    1    1    1    1    1
5    1    15    0    0    0    0    0    6
5    1    15    0    0    1    1    1    2
5    1    16    0    -1    0    0    0    1
5    1    16    0    1    1    1    0    2
5    1    16    0    0    0    0    0    5
5    1    16    0    1    1    1    1    2
5    1    17    0    0    0    0    0    4
5    1    17    1    0    0    0    0    1
5    1    17    0    -1    0    0    0    1
5    1    17    0    -1    1    1    1    1
5    1    17    0    0    1    1    1    3
5    1    18    1    0    0    0    0    4
5    1    18    0    0    0    0    0    6
5    1    19    0    0    0    0    0    8
5    1    19    0    0    1    1    1    1
5    1    19    0    -1    0    0    0    1
5    1    20    1    0    0    0    0    2
5    1    20    0    0    0    0    0    8
5    1    21    0    0    0    0    0    5
5    1    21    1    0    0    0    0    5
